           1           2  0.15065753377923333     
           1           3  0.20410513759611723     
           2           3  0.13250666340018305     
           1           4  0.27693002949973677     
           3           4  0.76555529196237215     
           2           5  0.50202478391759320     
           3           5  0.42930075944458634     
           1           6  0.10294583096793199     
           3           6  0.36761821064676814     
           4           6  0.43008188783032814     
           1           7  0.24950807269399822     
           6           7  0.27858772951187871     
           1           8  0.11780409605821124     
           2           8  0.33346819369819314     
           3           8  0.24468681409053766     
           6           8  0.54530278824119327     
           7           8  0.36271296301867101     
           1           9  0.22078211307468015     
           2           9  0.39391265899270961     
           8           9  0.53651822645618796     
           1          10  0.21477059985006236     
           7          10  0.67486238225450323     
           1          11  0.23232769766827566     
           6          11  0.40114176543065905     
           7          11  0.44420245254405277     
           2          12  0.36080847616078832     
           3          12  0.46861096944926633     
           5          12  0.40499785577038799     
           8          12  0.38264940048993928     
           1          13  0.21477087664051195     
           4          13  0.13675957888602050     
          11          13  0.50803861281574514     
           1          14  0.23571472547450459     
          10          14  0.27770473484256031     
          11          14  0.39524173680773178     
          13          14  0.26741898227484762     
           1          15  0.21209160796215579     
          13          15  0.54945465189923193     
           1          16  0.19987584246859244     
          10          16  0.32021711551987592     
          14          16  0.40704418796543973     
          15          16  0.36957881223687938     
           1          17  0.23986856913438714     
          15          17  0.41973177127621691     
          16          17  0.29936288174365078     
           1          18  0.18137130313714053     
           9          18  0.42134566051410555     
          10          18  0.38809732951455955     
          16          18  0.49305563074558345     
          17          18  0.27124128677204740     
           1          19  0.12651872702796149     
           2          19  0.47303467218410367     
           9          19  0.33322854269204327     
          17          19  0.58257986925566729     
          18          19  0.46573827364710690     
           1          20  0.18489629097286459     
           2          20  0.43638412854554898     
           3          20  0.35331126065894020     
           5          20  0.28877350920173445     
           9          20  0.12233502765003035     
          12          20  0.13174046752911406     
          19          20  0.30281887829079629     
           1          21  0.24897596097375624     
           4          21  0.44723450776873980     
          13          21  0.25306192040985725     
          15          21  0.55130958700530275     
          20          21  0.37805576194887835     
           6          22  0.19741265390199292     
           8          22  0.15947196362127217     
          12          22  0.28820352276718630     
          13          23  0.33373960178641371     
           5          24  0.42918879554225609     
          12          24  0.29397312301742917     
          16          25  0.22671771693130166     
          17          25  0.41258159958055196     
          18          25  0.17129996422550678     
          10          27  0.13289736448610737     
           6          28  0.23232131720371277     
          11          28  0.15560529590929079     
          23          29  0.21353236472954354     
          28          29  0.25550395565512191     
          14          31  0.25197635329507495     
          15          31  0.14927900372941005     
          30          31  0.36832022936785153     
           7          32  0.17274602923479682     
          11          32  0.12663925369029089     
          14          32  0.22581889244445033     
          27          32  0.21916689698496772     
          10          33  0.16776965519222328     
          14          33  0.18225265634684232     
          26          33  0.43088762676712322     
           9          34  0.13092743847336727     
          10          34  0.31630140894567549     
          18          34  0.28596559995167603     
           2          35  0.17696412908349357     
          19          35  0.16039947969156812     
          20          35  0.28531879894828904     
          13          36  0.16882268753970694     
          15          36  0.26893868076783772     
          21          36  0.35159064215081032     
